File: ML0_673757778EDR_S0872902MCAM00037D1
Camera group: ML0
Image size: 1152 x 432
fx: 4645.202067
fy: 4644.841779
cx: 525.183266
cy: 217.332976
f: 4645.021923
K:
[4645.021923, 0.000000, 525.183266]
[0.000000, 4645.021923, 217.332976]
[0.000000, 0.000000, 1.000000]
--------------------------------------------------

File: ML0_673757797EDR_S0872902MCAM00037D1
Camera group: ML0
Image size: 1152 x 432
fx: 4645.202001
fy: 4644.842267
cx: 525.182997
cy: 217.333146
f: 4645.022134
K:
[4645.022134, 0.000000, 525.182997]
[0.000000, 4645.022134, 217.333146]
[0.000000, 0.000000, 1.000000]
--------------------------------------------------

File: ML0_673757813EDR_S0872902MCAM00037D1
Camera group: ML0
Image size: 1152 x 432
fx: 4645.201741
fy: 4644.842518
cx: 525.183050
cy: 217.332936
f: 4645.022129
K:
[4645.022129, 0.000000, 525.183050]
[0.000000, 4645.022129, 217.332936]
[0.000000, 0.000000, 1.000000]
--------------------------------------------------

File: ML0_673757840EDR_S0872902MCAM00037D1
Camera group: ML0
Image size: 1152 x 432
fx: 4645.201326
fy: 4644.841666
cx: 525.182371
cy: 217.332946
f: 4645.021496
K:
[4645.021496, 0.000000, 525.182371]
[0.000000, 4645.021496, 217.332946]
[0.000000, 0.000000, 1.000000]
--------------------------------------------------

File: ML0_673757856EDR_S0872902MCAM00037D1
Camera group: ML0
Image size: 1152 x 432
fx: 4645.201379
fy: 4644.842388
cx: 525.182831
cy: 217.332954
f: 4645.021883
K:
[4645.021883, 0.000000, 525.182831]
[0.000000, 4645.021883, 217.332954]
[0.000000, 0.000000, 1.000000]
--------------------------------------------------

File: ML0_673757884EDR_S0872902MCAM00037D1
Camera group: ML0
Image size: 1152 x 432
fx: 4645.201499
fy: 4644.842432
cx: 525.183059
cy: 217.332996
f: 4645.021965
K:
[4645.021965, 0.000000, 525.183059]
[0.000000, 4645.021965, 217.332996]
[0.000000, 0.000000, 1.000000]
--------------------------------------------------

File: ML0_674204096EDR_S0880000MCAM00054D1
Camera group: ML0
Image size: 1152 x 432
fx: 4645.201418
fy: 4644.841910
cx: 525.182954
cy: 217.332973
f: 4645.021664
K:
[4645.021664, 0.000000, 525.182954]
[0.000000, 4645.021664, 217.332973]
[0.000000, 0.000000, 1.000000]
--------------------------------------------------

File: ML0_674204124EDR_S0880000MCAM00054D1
Camera group: ML0
Image size: 1152 x 432
fx: 4645.201130
fy: 4644.842071
cx: 525.182961
cy: 217.332957
f: 4645.021601
K:
[4645.021601, 0.000000, 525.182961]
[0.000000, 4645.021601, 217.332957]
[0.000000, 0.000000, 1.000000]
--------------------------------------------------

File: ML0_674204140EDR_S0880000MCAM00054D1
Camera group: ML0
Image size: 1152 x 432
fx: 4645.201460
fy: 4644.842183
cx: 525.182586
cy: 217.332972
f: 4645.021822
K:
[4645.021822, 0.000000, 525.182586]
[0.000000, 4645.021822, 217.332972]
[0.000000, 0.000000, 1.000000]
--------------------------------------------------

File: ML0_674204168EDR_S0880000MCAM00054D1
Camera group: ML0
Image size: 1152 x 432
fx: 4645.201464
fy: 4644.841852
cx: 525.182777
cy: 217.332979
f: 4645.021658
K:
[4645.021658, 0.000000, 525.182777]
[0.000000, 4645.021658, 217.332979]
[0.000000, 0.000000, 1.000000]
--------------------------------------------------

File: ML0_674204273EDR_S0880000MCAM00054D1
Camera group: ML0
Image size: 1152 x 432
fx: 4645.201355
fy: 4644.842597
cx: 525.183531
cy: 217.332985
f: 4645.021976
K:
[4645.021976, 0.000000, 525.183531]
[0.000000, 4645.021976, 217.332985]
[0.000000, 0.000000, 1.000000]
--------------------------------------------------

File: MR0_673757778EDR_S0872902MCAM00037D1
Camera group: MR0
Image size: 1328 x 1184
fx: 13376.262144
fy: 13370.531736
cx: 699.441420
cy: 518.290114
f: 13373.396940
K:
[13373.396940, 0.000000, 699.441420]
[0.000000, 13373.396940, 518.290114]
[0.000000, 0.000000, 1.000000]
--------------------------------------------------

File: MR0_673757797EDR_S0872902MCAM00037D1
Camera group: MR0
Image size: 1328 x 1184
fx: 13376.268534
fy: 13370.525903
cx: 699.441852
cy: 518.290709
f: 13373.397218
K:
[13373.397218, 0.000000, 699.441852]
[0.000000, 13373.397218, 518.290709]
[0.000000, 0.000000, 1.000000]
--------------------------------------------------

File: MR0_673757884EDR_S0872902MCAM00037D1
Camera group: MR0
Image size: 1328 x 1184
fx: 13376.267207
fy: 13370.526618
cx: 699.441894
cy: 518.289968
f: 13373.396912
K:
[13373.396912, 0.000000, 699.441894]
[0.000000, 13373.396912, 518.289968]
[0.000000, 0.000000, 1.000000]
--------------------------------------------------

File: MR0_674204096EDR_S0880000MCAM00054D1
Camera group: MR0
Image size: 1328 x 1184
fx: 13376.264193
fy: 13370.526529
cx: 699.442194
cy: 518.289936
f: 13373.395361
K:
[13373.395361, 0.000000, 699.442194]
[0.000000, 13373.395361, 518.289936]
[0.000000, 0.000000, 1.000000]
--------------------------------------------------

File: MR0_674204124EDR_S0880000MCAM00054D1
Camera group: MR0
Image size: 1328 x 1184
fx: 13376.268860
fy: 13370.529710
cx: 699.440549
cy: 518.289667
f: 13373.399285
K:
[13373.399285, 0.000000, 699.440549]
[0.000000, 13373.399285, 518.289667]
[0.000000, 0.000000, 1.000000]
--------------------------------------------------

File: MR0_674204140EDR_S0880000MCAM00054D1
Camera group: MR0
Image size: 1328 x 1184
fx: 13376.269126
fy: 13370.535014
cx: 699.440188
cy: 518.289669
f: 13373.402070
K:
[13373.402070, 0.000000, 699.440188]
[0.000000, 13373.402070, 518.289669]
[0.000000, 0.000000, 1.000000]
--------------------------------------------------

File: MR0_674204168EDR_S0880000MCAM00054D1
Camera group: MR0
Image size: 1328 x 1184
fx: 13376.267134
fy: 13370.527237
cx: 699.440117
cy: 518.290811
f: 13373.397186
K:
[13373.397186, 0.000000, 699.440117]
[0.000000, 13373.397186, 518.290811]
[0.000000, 0.000000, 1.000000]
--------------------------------------------------

