File: ML0_673757778EDR_S0872902MCAM00037D1
fx: 4497.824980
fy: -3793.602050
cx: 6732.809931
cy: 7104.502081
f: 4145.713515
K:
[4145.713515, 0.000000, 6732.809931]
[0.000000, 4145.713515, 7104.502081]
[0.000000, 0.000000, 1.000000]
----------------------------------------

File: ML0_673757797EDR_S0872902MCAM00037D1
fx: 4112.367840
fy: -3745.059100
cx: 6974.925604
cy: 7130.211251
f: 3928.713470
K:
[3928.713470, 0.000000, 6974.925604]
[0.000000, 3928.713470, 7130.211251]
[0.000000, 0.000000, 1.000000]
----------------------------------------

File: ML0_673757813EDR_S0872902MCAM00037D1
fx: 3679.339150
fy: -3698.768200
cx: 7212.739617
cy: 7154.334396
f: 3689.053675
K:
[3689.053675, 0.000000, 7212.739617]
[0.000000, 3689.053675, 7154.334396]
[0.000000, 0.000000, 1.000000]
----------------------------------------

File: ML0_673757840EDR_S0872902MCAM00037D1
fx: 3228.053150
fy: -3658.749100
cx: 7425.685726
cy: 7174.881056
f: 3443.401125
K:
[3443.401125, 0.000000, 7425.685726]
[0.000000, 3443.401125, 7174.881056]
[0.000000, 0.000000, 1.000000]
----------------------------------------

File: ML0_673757856EDR_S0872902MCAM00037D1
fx: 2760.398960
fy: -3625.268600
cx: 7611.920661
cy: 7191.857260
f: 3192.833780
K:
[3192.833780, 0.000000, 7611.920661]
[0.000000, 3192.833780, 7191.857260]
[0.000000, 0.000000, 1.000000]
----------------------------------------

File: ML0_673757884EDR_S0872902MCAM00037D1
fx: 2273.329050
fy: -3597.588900
cx: 7771.300899
cy: 7205.743449
f: 2935.458975
K:
[2935.458975, 0.000000, 7771.300899]
[0.000000, 2935.458975, 7205.743449]
[0.000000, 0.000000, 1.000000]
----------------------------------------

File: ML0_674204096EDR_S0880000MCAM00054D1
fx: -2112.034559
fy: -3917.163500
cx: 7816.677688
cy: 7037.130102
f: 3014.599030
K:
[3014.599030, 0.000000, 7816.677688]
[0.000000, 3014.599030, 7037.130102]
[0.000000, 0.000000, 1.000000]
----------------------------------------

File: ML0_674204124EDR_S0880000MCAM00054D1
fx: -2582.264992
fy: -3938.770600
cx: 7674.180058
cy: 7025.059473
f: 3260.517796
K:
[3260.517796, 0.000000, 7674.180058]
[0.000000, 3260.517796, 7025.059473]
[0.000000, 0.000000, 1.000000]
----------------------------------------

File: ML0_674204140EDR_S0880000MCAM00054D1
fx: -3058.568245
fy: -3965.981100
cx: 7497.086123
cy: 7009.734054
f: 3512.274673
K:
[3512.274673, 0.000000, 7497.086123]
[0.000000, 3512.274673, 7009.734054]
[0.000000, 0.000000, 1.000000]
----------------------------------------

File: ML0_674204168EDR_S0880000MCAM00054D1
fx: -3521.375326
fy: -3997.808620
cx: 7291.162910
cy: 6991.630325
f: 3759.591973
K:
[3759.591973, 0.000000, 7291.162910]
[0.000000, 3759.591973, 6991.630325]
[0.000000, 0.000000, 1.000000]
----------------------------------------

File: ML0_674204273EDR_S0880000MCAM00054D1
fx: -1627.685770
fy: -4241.136800
cx: 7931.694594
cy: 6846.761846
f: 2934.411285
K:
[2934.411285, 0.000000, 7931.694594]
[0.000000, 2934.411285, 6846.761846]
[0.000000, 0.000000, 1.000000]
----------------------------------------

File: MR0_673757778EDR_S0872902MCAM00037D1
fx: 12850.588800
fy: -10835.870900
cx: 19315.879198
cy: 20486.657426
f: 11843.229850
K:
[11843.229850, 0.000000, 19315.879198]
[0.000000, 11843.229850, 20486.657426]
[0.000000, 0.000000, 1.000000]
----------------------------------------

File: MR0_673757797EDR_S0872902MCAM00037D1
fx: 11733.102700
fy: -10712.178100
cx: 20014.385762
cy: 20551.593731
f: 11222.640400
K:
[11222.640400, 0.000000, 20014.385762]
[0.000000, 11222.640400, 20551.593731]
[0.000000, 0.000000, 1.000000]
----------------------------------------

File: MR0_673757884EDR_S0872902MCAM00037D1
fx: 6423.405500
fy: -10357.946000
cx: 22293.072733
cy: 20732.384673
f: 8390.675750
K:
[8390.675750, 0.000000, 22293.072733]
[0.000000, 8390.675750, 20732.384673]
[0.000000, 0.000000, 1.000000]
----------------------------------------

File: MR0_674204096EDR_S0880000MCAM00054D1
fx: -6123.619500
fy: -11415.396800
cx: 22377.271363
cy: 20169.470202
f: 8769.508150
K:
[8769.508150, 0.000000, 22377.271363]
[0.000000, 8769.508150, 20169.470202]
[0.000000, 0.000000, 1.000000]
----------------------------------------

File: MR0_674204124EDR_S0880000MCAM00054D1
fx: -7463.860300
fy: -11490.466400
cx: 21966.614361
cy: 20126.804233
f: 9477.163350
K:
[9477.163350, 0.000000, 21966.614361]
[0.000000, 9477.163350, 20126.804233]
[0.000000, 0.000000, 1.000000]
----------------------------------------

File: MR0_674204140EDR_S0880000MCAM00054D1
fx: -8819.684000
fy: -11581.324000
cx: 21458.204749
cy: 20074.671271
f: 10200.504000
K:
[10200.504000, 0.000000, 21458.204749]
[0.000000, 10200.504000, 20074.671271]
[0.000000, 0.000000, 1.000000]
----------------------------------------

File: MR0_674204168EDR_S0880000MCAM00054D1
fx: -10135.255300
fy: -11684.557900
cx: 20869.063630
cy: 20014.744030
f: 10909.906600
K:
[10909.906600, 0.000000, 20869.063630]
[0.000000, 10909.906600, 20014.744030]
[0.000000, 0.000000, 1.000000]
----------------------------------------

