{
    "w": 1270,
    "h": 488,
    "fl_x": 3019.4350799089625,
    "fl_y": 8209.399950405133,
    "cx": 993.0501668753997,
    "cy": 152.25985992474347,
    "k1": 0.4159512868877623,
    "k2": -0.7479924695501624,
    "p1": 0.011046994298195705,
    "p2": -0.2570708205248111,
    "camera_model": "OPENCV",
    "frames": [
        {
            "file_path": "images/frame_00001.png",
            "transform_matrix": [
                [
                    0.9995474766427215,
                    -0.024915795216018926,
                    -0.016853637171882596,
                    -1.8143632101419287
                ],
                [
                    -0.016963807116933054,
                    -0.004216942087472505,
                    -0.9998472116516254,
                    0.8895907330288031
                ],
                [
                    0.02484091756090233,
                    0.9996806592848462,
                    -0.004637700566891181,
                    -0.10731762940736887
                ],
                [
                    0.0,
                    0.0,
                    0.0,
                    1.0
                ]
            ],
            "colmap_im_id": 1
        },
        {
            "file_path": "images/frame_00002.png",
            "transform_matrix": [
                [
                    0.9994168283845125,
                    -0.026394585442187937,
                    -0.021664002427463438,
                    0.9390189798126858
                ],
                [
                    -0.021681006515690812,
                    -0.000358182746615312,
                    -0.999764875188955,
                    -0.710930001652968
                ],
                [
                    0.02638061974838108,
                    0.9996515380693689,
                    -0.0009302350435553625,
                    0.06338873120865761
                ],
                [
                    0.0,
                    0.0,
                    0.0,
                    1.0
                ]
            ],
            "colmap_im_id": 2
        },
        {
            "file_path": "images/frame_00005.png",
            "transform_matrix": [
                [
                    0.9989395187126532,
                    -0.02369035008876928,
                    -0.03947917510289012,
                    -5.23002607050061
                ],
                [
                    -0.039690568129298866,
                    -0.008520130239730245,
                    -0.9991756933504096,
                    2.547576535399953
                ],
                [
                    0.02333445426202624,
                    0.9996830371139492,
                    -0.009451378255250489,
                    -0.29822799124306093
                ],
                [
                    0.0,
                    0.0,
                    0.0,
                    1.0
                ]
            ],
            "colmap_im_id": 5
        },
        {
            "file_path": "images/frame_00006.png",
            "transform_matrix": [
                [
                    0.9995493497845327,
                    -0.025117241468053643,
                    -0.01643841617532554,
                    -1.8047934962507854
                ],
                [
                    -0.016555993677998888,
                    -0.004480372629084592,
                    -0.9998529018482862,
                    0.8985217890646858
                ],
                [
                    0.025039896538360112,
                    0.9996744722369078,
                    -0.0048941944391477895,
                    -0.11321577088790827
                ],
                [
                    0.0,
                    0.0,
                    0.0,
                    1.0
                ]
            ],
            "colmap_im_id": 6
        },
        {
            "file_path": "images/frame_00007.png",
            "transform_matrix": [
                [
                    0.9994050261324996,
                    -0.026389208492668428,
                    -0.022208183541844298,
                    0.9270115405877459
                ],
                [
                    -0.02222467774973511,
                    -0.00033186748058667745,
                    -0.9997529462636736,
                    -0.7259264843197563
                ],
                [
                    0.02637531876619118,
                    0.9996516891093145,
                    -0.0009181616829283842,
                    0.06392074645469999
                ],
                [
                    0.0,
                    0.0,
                    0.0,
                    1.0
                ]
            ],
            "colmap_im_id": 7
        },
        {
            "file_path": "images/frame_00008.png",
            "transform_matrix": [
                [
                    0.9987315542530414,
                    -0.027463591892625892,
                    -0.04220229448335184,
                    3.1555680976813636
                ],
                [
                    -0.04211671300738517,
                    0.003687458971038254,
                    -0.9991058928520992,
                    -2.3400634809163865
                ],
                [
                    0.027594655728198705,
                    0.9996160031565581,
                    0.002526105411495681,
                    0.22792002607405037
                ],
                [
                    0.0,
                    0.0,
                    0.0,
                    1.0
                ]
            ],
            "colmap_im_id": 8
        },
        {
            "file_path": "images/frame_00011.png",
            "transform_matrix": [
                [
                    0.9895587810032568,
                    -0.02330916137276261,
                    0.14223256285199523,
                    2.1339122076896144
                ],
                [
                    0.14191171704126937,
                    -0.014893290959385526,
                    -0.9897672728731729,
                    1.7996307213525347
                ],
                [
                    0.025188956027333804,
                    0.9996173632348018,
                    -0.011429943733695594,
                    -0.09931497417884719
                ],
                [
                    0.0,
                    0.0,
                    0.0,
                    1.0
                ]
            ],
            "colmap_im_id": 11
        },
        {
            "file_path": "images/frame_00012.png",
            "transform_matrix": [
                [
                    0.9988383994989083,
                    -0.020375032001867455,
                    0.043665887800230285,
                    3.1543287156927624
                ],
                [
                    0.043614454036330505,
                    -0.0029621420667475936,
                    -0.9990440456323683,
                    -2.339074252965406
                ],
                [
                    0.02048489896416957,
                    0.9997880194247675,
                    -0.0020700553443043436,
                    0.22784607798094353
                ],
                [
                    0.0,
                    0.0,
                    0.0,
                    1.0
                ]
            ],
            "colmap_im_id": 12
        },
        {
            "file_path": "images/frame_00015.png",
            "transform_matrix": [
                [
                    0.9678858046178733,
                    -0.024950054018675404,
                    0.25014908359551663,
                    0.8097378864227249
                ],
                [
                    0.25011630872682017,
                    -0.0044762076272679575,
                    -0.9682054511694032,
                    6.044740522974911
                ],
                [
                    0.025276497543796943,
                    0.9996786775608164,
                    0.0019079575927309705,
                    -0.5771237295967411
                ],
                [
                    0.0,
                    0.0,
                    0.0,
                    1.0
                ]
            ],
            "colmap_im_id": 15
        }
    ],
    "applied_transform": [
        [
            1.0,
            0.0,
            0.0,
            0.0
        ],
        [
            0.0,
            0.0,
            1.0,
            0.0
        ],
        [
            -0.0,
            -1.0,
            -0.0,
            -0.0
        ]
    ],
    "ply_file_path": "sparse_pc.ply"
}