File: MR0_485464658EDR_S0480876MCAM04379D1
Camera group: MR0_1344x1200
Image size: 1344 x 1200
fx: 13376.270378
fy: 13370.527644
cx: 699.442532
cy: 534.289743
f: 13373.399011
K:
[13373.399011, 0.000000, 699.442532]
[0.000000, 13373.399011, 534.289743]
[0.000000, 0.000000, 1.000000]
--------------------------------------------------

File: MR0_485464691EDR_S0480876MCAM04379D1
Camera group: MR0_1344x1200
Image size: 1344 x 1200
fx: 13376.261270
fy: 13370.529728
cx: 699.440898
cy: 534.289906
f: 13373.395499
K:
[13373.395499, 0.000000, 699.440898]
[0.000000, 13373.395499, 534.289906]
[0.000000, 0.000000, 1.000000]
--------------------------------------------------

File: MR0_485464935EDR_S0480876MCAM04379D1
Camera group: MR0_1344x1200
Image size: 1344 x 1200
fx: 13376.266462
fy: 13370.530296
cx: 699.440213
cy: 534.289416
f: 13373.398379
K:
[13373.398379, 0.000000, 699.440213]
[0.000000, 13373.398379, 534.289416]
[0.000000, 0.000000, 1.000000]
--------------------------------------------------

File: MR0_485464973EDR_S0480876MCAM04379D1
Camera group: MR0_1344x1200
Image size: 1344 x 1200
fx: 13376.262421
fy: 13370.531520
cx: 699.444138
cy: 534.290189
f: 13373.396971
K:
[13373.396971, 0.000000, 699.444138]
[0.000000, 13373.396971, 534.290189]
[0.000000, 0.000000, 1.000000]
--------------------------------------------------

File: MR0_485464992EDR_S0480876MCAM04379D1
Camera group: MR0_1344x1200
Image size: 1344 x 1200
fx: 13376.265766
fy: 13370.525682
cx: 699.441262
cy: 534.289370
f: 13373.395724
K:
[13373.395724, 0.000000, 699.441262]
[0.000000, 13373.395724, 534.289370]
[0.000000, 0.000000, 1.000000]
--------------------------------------------------

File: MR0_485465027EDR_S0480876MCAM04379D1
Camera group: MR0_1344x1200
Image size: 1344 x 1200
fx: 13376.269052
fy: 13370.533814
cx: 699.443612
cy: 534.290088
f: 13373.401433
K:
[13373.401433, 0.000000, 699.443612]
[0.000000, 13373.401433, 534.290088]
[0.000000, 0.000000, 1.000000]
--------------------------------------------------

File: MR0_485465100EDR_S0480876MCAM04379D1
Camera group: MR0_1344x1200
Image size: 1344 x 1200
fx: 13376.263973
fy: 13370.527483
cx: 699.439739
cy: 534.289102
f: 13373.395728
K:
[13373.395728, 0.000000, 699.439739]
[0.000000, 13373.395728, 534.289102]
[0.000000, 0.000000, 1.000000]
--------------------------------------------------

File: MR0_485465134EDR_S0480876MCAM04379D1
Camera group: MR0_1344x1200
Image size: 1344 x 1200
fx: 13376.268900
fy: 13370.528096
cx: 699.442218
cy: 534.289289
f: 13373.398498
K:
[13373.398498, 0.000000, 699.442218]
[0.000000, 13373.398498, 534.289289]
[0.000000, 0.000000, 1.000000]
--------------------------------------------------

File: MR0_485465152EDR_S0480876MCAM04379D1
Camera group: MR0_1344x1200
Image size: 1344 x 1200
fx: 13376.270403
fy: 13370.533905
cx: 699.443372
cy: 534.289801
f: 13373.402154
K:
[13373.402154, 0.000000, 699.443372]
[0.000000, 13373.402154, 534.289801]
[0.000000, 0.000000, 1.000000]
--------------------------------------------------

File: MR0_485465241EDR_S0480876MCAM04379D1
Camera group: MR0_1344x1200
Image size: 1344 x 1200
fx: 13376.264140
fy: 13370.528840
cx: 699.441381
cy: 534.289906
f: 13373.396490
K:
[13373.396490, 0.000000, 699.441381]
[0.000000, 13373.396490, 534.289906]
[0.000000, 0.000000, 1.000000]
--------------------------------------------------

File: MR0_485465292EDR_S0480876MCAM04380D1
Camera group: MR0_1344x1200
Image size: 1344 x 1200
fx: 13376.266207
fy: 13370.532079
cx: 699.440621
cy: 534.289986
f: 13373.399143
K:
[13373.399143, 0.000000, 699.440621]
[0.000000, 13373.399143, 534.289986]
[0.000000, 0.000000, 1.000000]
--------------------------------------------------

File: MR0_485465315EDR_S0480876MCAM04380D1
Camera group: MR0_1344x1200
Image size: 1344 x 1200
fx: 13376.266165
fy: 13370.532923
cx: 699.441531
cy: 534.289990
f: 13373.399544
K:
[13373.399544, 0.000000, 699.441531]
[0.000000, 13373.399544, 534.289990]
[0.000000, 0.000000, 1.000000]
--------------------------------------------------

File: MR0_485465333EDR_S0480876MCAM04380D1
Camera group: MR0_1344x1200
Image size: 1344 x 1200
fx: 13376.263872
fy: 13370.532848
cx: 699.441391
cy: 534.290187
f: 13373.398360
K:
[13373.398360, 0.000000, 699.441391]
[0.000000, 13373.398360, 534.290187]
[0.000000, 0.000000, 1.000000]
--------------------------------------------------

File: MR0_485465351EDR_S0480876MCAM04380D1
Camera group: MR0_1344x1200
Image size: 1344 x 1200
fx: 13376.262292
fy: 13370.530712
cx: 699.441061
cy: 534.289929
f: 13373.396502
K:
[13373.396502, 0.000000, 699.441061]
[0.000000, 13373.396502, 534.289929]
[0.000000, 0.000000, 1.000000]
--------------------------------------------------

File: MR0_485465386EDR_S0480876MCAM04380D1
Camera group: MR0_1344x1200
Image size: 1344 x 1200
fx: 13376.264936
fy: 13370.526165
cx: 699.441938
cy: 534.289763
f: 13373.395550
K:
[13373.395550, 0.000000, 699.441938]
[0.000000, 13373.395550, 534.289763]
[0.000000, 0.000000, 1.000000]
--------------------------------------------------

File: MR0_485465418EDR_S0480876MCAM04380D1
Camera group: MR0_1344x1200
Image size: 1344 x 1200
fx: 13376.267646
fy: 13370.527671
cx: 699.441721
cy: 534.289870
f: 13373.397658
K:
[13373.397658, 0.000000, 699.441721]
[0.000000, 13373.397658, 534.289870]
[0.000000, 0.000000, 1.000000]
--------------------------------------------------

File: MR0_485465436EDR_S0480876MCAM04380D1
Camera group: MR0_1344x1200
Image size: 1344 x 1200
fx: 13376.262247
fy: 13370.530554
cx: 699.439263
cy: 534.289833
f: 13373.396400
K:
[13373.396400, 0.000000, 699.439263]
[0.000000, 13373.396400, 534.289833]
[0.000000, 0.000000, 1.000000]
--------------------------------------------------

File: MR0_485465470EDR_S0480876MCAM04380D1
Camera group: MR0_1344x1200
Image size: 1344 x 1200
fx: 13376.262689
fy: 13370.526333
cx: 699.439047
cy: 534.289888
f: 13373.394511
K:
[13373.394511, 0.000000, 699.439047]
[0.000000, 13373.394511, 534.289888]
[0.000000, 0.000000, 1.000000]
--------------------------------------------------

File: MR0_485465488EDR_S0480876MCAM04380D1
Camera group: MR0_1344x1200
Image size: 1344 x 1200
fx: 13376.268916
fy: 13370.529057
cx: 699.444281
cy: 534.289904
f: 13373.398987
K:
[13373.398987, 0.000000, 699.444281]
[0.000000, 13373.398987, 534.289904]
[0.000000, 0.000000, 1.000000]
--------------------------------------------------

