{
    "w": 1270,
    "h": 488,
    "fl_x": 1618.0709099433554,
    "fl_y": 32269.34913115099,
    "cx": 316.53559583638975,
    "cy": 249.22375896443128,
    "k1": 0.07600812048181076,
    "k2": -0.01944868725637357,
    "p1": -5.646862617836584e-05,
    "p2": -0.07251236975599605,
    "camera_model": "OPENCV",
    "frames": [
        {
            "file_path": "images/frame_00002.png",
            "transform_matrix": [
                [
                    0.9996212722779377,
                    -0.0012639297740620376,
                    -0.027490261747813195,
                    -4.99659551279261
                ],
                [
                    -0.02750391948201632,
                    -0.012489540613837644,
                    -0.9995436687750976,
                    0.6770949762968826
                ],
                [
                    0.0009200122628557088,
                    0.9999212038239721,
                    -0.012519573501308086,
                    0.15203279753701526
                ],
                [
                    0.0,
                    0.0,
                    0.0,
                    1.0
                ]
            ],
            "colmap_im_id": 2
        },
        {
            "file_path": "images/frame_00003.png",
            "transform_matrix": [
                [
                    0.9999113791544617,
                    -0.0028034292347646674,
                    -0.013014400560458104,
                    0.08687603526402193
                ],
                [
                    -0.013058503804682034,
                    -0.016334325000519692,
                    -0.9997813087396467,
                    -0.020247629484763226
                ],
                [
                    0.002590234700850537,
                    0.9998626558739471,
                    -0.016369486030155176,
                    0.07781244042090625
                ],
                [
                    0.0,
                    0.0,
                    0.0,
                    1.0
                ]
            ],
            "colmap_im_id": 3
        },
        {
            "file_path": "images/frame_00004.png",
            "transform_matrix": [
                [
                    0.99997910128242,
                    -0.006458831684344541,
                    -0.0002837105513736546,
                    4.937826988173862
                ],
                [
                    -0.00045923483923060123,
                    -0.027190616840778576,
                    -0.9996301613392727,
                    -0.5434260718045008
                ],
                [
                    0.006448728693788454,
                    0.9996094006406159,
                    -0.02719301471228658,
                    -0.11341734509357389
                ],
                [
                    0.0,
                    0.0,
                    0.0,
                    1.0
                ]
            ],
            "colmap_im_id": 4
        }
    ],
    "applied_transform": [
        [
            1.0,
            0.0,
            0.0,
            0.0
        ],
        [
            0.0,
            0.0,
            1.0,
            0.0
        ],
        [
            -0.0,
            -1.0,
            -0.0,
            -0.0
        ]
    ],
    "ply_file_path": "sparse_pc.ply"
}